0	0	5.992203985999235E-6	7.946901872741117E-6	1.5918415129312113E-5	1.3657926255204421E-4	0.9993879697398572	1.145185428394199E-5	1.5132671910573375E-5	1.1758362663720447E-5	1.5737933283962253E-5	3.915126544604335E-4
1	1	3.3466128946269245E-5	4.438300889253751E-5	0.11682216257843513	5.957524826701817E-5	0.3397814591544419	0.06757234878401637	0.06829611835182053	6.566980730637575E-5	0.40724787755732467	7.693938054922248E-5
2	2	1.2243323885308897E-5	1.6237179798963828E-5	2.8978945342558743E-4	2.1795142821921845E-5	4.75111631999063E-5	2.339852939139944E-5	0.31955381028698804	0.03501203862792842	3.215588370007762E-5	0.6449910204088605
3	3	1.6512701560774935E-5	0.00626746349702693	0.8275811280547821	0.009050765909673342	0.13538463733267148	3.1557846253240046E-5	3.8867685727210087E-4	3.240249062999758E-5	0.0010842963566807455	0.0201625589534493
4	4	1.1118061500736057E-4	0.03051805515033575	0.042346962847635845	1.9791989543151695E-4	0.22003429310632697	0.01189348267785192	0.0026169752945387993	0.39737225421675504	0.2946532694702394	2.5560672587743424E-4
5	5	5.4824728812320114E-5	7.270892998454846E-5	1.456430379582511E-4	9.759709093961481E-5	0.6637724763400107	0.0012567903523584235	0.005898521058953903	1.075812915951466E-4	0.29045137132528465	0.03814248584410259
6	6	1.0845456580568696E-5	1.4383318627375053E-5	0.5847994178508743	9.308742940577258E-4	0.13244727855430372	0.0027554297886040226	0.06406501198744134	2.4917368407085757E-4	2.848452297316724E-5	0.21469910054246683
7	7	6.67610046755037E-4	0.7169972373630725	0.07633614453338668	0.08708208699478996	0.027774181841801474	3.557010044122967E-4	3.9185714736980204E-5	3.0448016572180477E-5	0.09068173129415756	3.5673190315400594E-5
8	8	0.022385473725370527	0.08400698152545838	5.7700663599137724E-5	0.3765712475922403	8.428764028298898E-5	0.04385621080508268	0.012834140143286718	0.18351667940760813	0.2382994799744001	0.03838779852267105
9	9	2.9430438333033357E-5	3.9030848424191915E-5	0.19920678465646485	0.03220980505186377	0.7619975541832501	5.6245263360512314E-5	0.002547970663164173	5.7750665377984455E-5	0.0037877669923870507	6.766123737439629E-5
10	10	0.0485801079706254	2.717541678379277E-4	0.08822147625083543	0.003089104885052888	0.05117135795056723	0.05549295219370808	0.0013088253787652512	2.387125913644603E-5	3.19503909207281E-5	0.7518085995525506
11	11	0.01908306440369808	1.972921511875296E-5	3.9519531191528696E-5	2.648249675138049E-5	0.8593765611814895	2.8430714295276966E-5	0.09100220328237907	2.9191661121749328E-5	3.516647071598273E-4	0.03004315280679475
12	12	0.018883378870314105	0.19082331763677926	6.247345436195403E-4	0.06604643199534947	6.570428108855152E-4	0.057730630770305776	6.212735058765737E-4	0.0033794963127748833	0.5985012697630586	0.06273242379103625
13	13	0.03633504687458399	6.735495684706959E-5	0.031083257242678373	9.041046058626173E-5	0.7141432445058266	0.11855449607513532	0.07909988181765915	9.965946761261653E-5	0.020409886604198346	1.1676199487242247E-4
14	14	6.375092652972785E-6	8.454691439273381E-6	1.6935566875720416E-5	1.1348720018854662E-5	2.473903902953653E-5	2.8009891716838887E-4	1.60996163919571E-5	1.2509696199198001E-5	0.9996087821793251	1.465648089897488E-5
15	15	2.3699840259615228E-5	3.143089010034673E-5	0.823251497926499	4.2189638055304533E-5	9.196905913249716E-5	0.07574079119202272	0.10065518404904632	4.650564591858238E-5	6.224529500628964E-5	5.448646395936376E-5
16	16	1.7599688052665223E-5	3.9315709570835285E-4	0.22674412692750132	3.133035753382197E-5	0.0015475620243179892	0.21563652012781218	0.43716727626875457	0.06845054525153653	0.0499714201814744	4.046207730824416E-5
17	17	1.96245214290052E-5	2.6026174419328167E-5	0.3307675840518302	3.493489605957956E-5	0.10770300326943887	4.4986833014817293E-4	0.5579772470903661	4.5087214782213496E-4	4.6390527705098775E-4	0.0021069342414356137
18	18	1.3955930235749363E-5	0.022892103872523873	0.016165891505440424	0.15163572634533976	0.07776573125607068	0.016155488820268595	3.524421297370583E-5	0.3267092482264166	0.386835017494123	0.00179159233660763
19	19	2.4206132365327112E-5	3.210233815058611E-5	0.8403297210721566	4.3090921796302594E-5	6.025690050211658E-4	0.0590479488334182	0.09975363710374786	4.749913115484079E-5	6.357502133077853E-5	5.565044085830464E-5
20	20	1.9125552622855643E-4	0.005890420972827141	1.1808727792180301E-5	0.04073256747689713	1.72498848065571E-5	8.495307406939616E-6	1.1225841386136543E-5	0.266213458434284	0.07875223352112515	0.6081712843072462
21	21	0.0480983024126814	0.5871109790809503	3.640170515044566E-5	0.002615778814595013	6.290381401797559E-4	0.11001611024868745	0.2508231455247765	2.6888634783031756E-5	3.598898523668137E-5	6.073664529593467E-4
22	22	1.5297223125002798E-5	2.0287281838846095E-5	0.5439092587577268	2.7231588897873043E-5	0.14277665985982113	2.9234914329650815E-5	0.1893640558454128	3.0017385534921758E-5	4.0176649115030535E-5	0.12378778049419799
23	23	4.398184604456182E-5	5.832902476531019E-5	0.4363277205148237	0.04443872362490377	0.2728024760862943	8.405483077978057E-5	0.11008796751261506	8.630455465471574E-5	0.13596932675526383	1.0111524985494604E-4
24	24	1.0081731829871413E-4	0.14630606995051534	2.678233132003946E-4	0.11033835553201511	0.008864989693328225	1.926745553309373E-4	2.546033820415541E-4	0.11459359565588163	0.6188492893249242	2.3178127446382102E-4
25	25	2.304567020506686E-5	5.148141682604717E-4	0.529347392656137	0.001009526793004353	0.016553959162275655	0.004886551599271364	0.030566002487827135	5.294728261756036E-4	6.052718182140758E-5	0.416508707455022
26	26	1.3581546552430437E-5	1.801193984457322E-5	3.607966227865545E-5	2.4177400649181087E-5	0.0728257329072725	0.0733697535609878	0.19609339951058966	0.14642886136717556	0.17041017300401323	0.3407802291006364
27	27	3.556707015949909E-5	4.716929148587801E-5	0.7713687338700194	6.331527133851032E-5	0.20640904089675638	6.797313738400777E-5	0.006068690990220964	6.979243543753303E-5	0.015787947545709502	8.176949148842795E-5
28	28	0.002339452235143677	0.018205913807950693	0.06465125197854037	0.8557237237530935	0.0012319621113473958	8.088643652495116E-4	0.04878838178982365	0.006612411959493526	4.8351715217996954E-5	0.001589686284139734
29	29	1.2232595543770937E-4	1.6222951799106243E-4	3.2496145730300587E-4	2.1776044598412233E-4	0.157268715057038	0.11590149974704056	0.11597664063577229	2.4003738033341322E-4	0.609504599689764	2.812301133357807E-4
30	30	3.770890849955813E-5	0.04363005678393796	0.18947528770833985	0.027799885261943234	0.6823721585609902	7.206645941166669E-5	9.522982558052684E-5	0.005620546747826274	0.0484332726464423	0.0024637870970284905
31	31	7.127457310067762E-6	9.45248258864382E-6	1.89342393121467E-5	1.26880536270448E-5	2.7658648144180086E-5	0.9998570476936834	1.7999633070216222E-5	1.3986043885985433E-5	1.871956426921108E-5	1.6386184108956347E-5
32	32	0.010301707164346151	0.07505637375597951	0.17786142905449656	4.3533778069695524E-5	0.03863459511866293	0.02111510352603642	0.6634583916010732	4.79872917078239E-5	0.01239693110920513	0.001083947600422583
33	33	2.814256494299821E-5	0.038475083356517135	0.3123076465602737	0.020747354074205145	0.13198029539962122	0.11418436513642781	0.3596119692101953	5.522350134612396E-5	0.022545219808885922	6.470038758462168E-5
34	34	0.08851705893498117	3.9055000497649696E-5	0.36454817821233937	0.05450633749204552	0.07746358744783147	0.003769046932734478	7.43694232623458E-5	5.7786401170793415E-5	7.734397656845794E-5	0.4109472361785688
35	35	3.7619483471009667E-5	4.989121604435286E-5	8.904223767451009E-4	0.04196269683639764	0.01990812112473387	0.09809208920376096	0.18032568263311655	0.4830604191787163	0.17558656991132038	8.648803569388813E-5
36	36	2.3419927147348692E-5	3.105966741812945E-5	6.221552595686126E-5	0.06795355817340595	0.15313864068399016	4.475842171905806E-5	5.914452754252476E-5	0.6314294718793761	0.1063583451643919	0.040899386029051986
37	37	7.597609740705762E-4	0.8263545664863645	4.691007212622757E-5	0.07980745508217081	6.85250227361965E-5	3.37475374322633E-5	4.459456076631487E-5	0.06125810807340174	0.007096352078240017	0.024529980112691366
38	38	1.2041955742514367E-5	7.750707056548174E-4	3.198970711378116E-5	0.03848253281178442	0.07570375437764411	2.301368958385967E-5	3.041067457631409E-5	0.2315493070571455	0.6432428532057592	0.010149025814995348
39	39	0.08801730756686786	1.833105510064896E-5	6.175999728183723E-4	0.10458320226080223	3.440785397366622E-4	0.27652581556646305	0.1716852690210179	0.014839590760505571	3.630256505220187E-5	0.34333250269163545
40	40	2.3512493950708204E-5	0.4911268739349365	0.30045097293554135	0.011899297374195532	0.1898103019445457	4.493532850428771E-5	5.9378295129262954E-5	4.613802060926627E-5	0.005990473870175696	5.481158024117367E-4
41	41	0.07360547738477334	8.14334899272887E-5	0.04919250189382263	1.0930805505806205E-4	0.8092230951023653	0.05817846054827245	1.550675099977777E-4	1.2049028953307166E-4	1.612697441190151E-4	0.009172895982131089
42	42	0.018071261914898454	0.04982745309413202	0.08017516652208076	6.112260657140346E-5	0.05712992892093381	6.561916652830717E-5	0.3081574159840195	6.737546065468344E-5	9.017841472361319E-5	0.48635447791545755
43	43	1.5117429896289954E-5	2.004883883034661E-5	4.015976848246233E-5	0.8726318479746588	5.8664353380998007E-5	0.12709185984674864	3.817745645611577E-5	2.9664581459388548E-5	3.9704439917045586E-5	3.475531017000128E-5
44	44	2.6977964994276204E-5	3.577836152385371E-5	7.166752786225887E-5	0.09018175733129458	0.04885626843757699	0.06580950118630162	6.812997254886299E-5	0.5119445110394026	0.2755739605961147	0.007431447582380201
45	45	3.0820133821509804E-4	1.8568347139324873E-5	9.197949313310554E-4	2.492426535145194E-5	0.02417875231590865	0.974417965184452	3.5358270390233955E-5	2.7474022358190825E-5	3.677249488565139E-5	3.2188829968280765E-5
46	46	0.005325842684197248	0.0417347569841646	0.0033926344014304165	0.2766857334815105	0.0014458056509614307	0.11852122060541254	0.08081833961542478	0.21183570977938695	0.26016754911709616	7.240768041538267E-5
47	47	1.7362118676388518E-5	7.5267436945117E-4	0.8913118987515539	3.9573174923663565E-4	6.737504142317511E-5	0.03250254429050654	0.05513231615966735	3.406928210129799E-5	4.5599893801290964E-5	0.019740428343582223
48	48	1.6336976960134056E-5	0.027484334187280843	0.10234183773433014	0.10644692093291021	0.4624660689592644	3.1222014474925226E-5	0.14113071402327762	0.050151426727990445	0.0879234449858662	0.02200769345764513
49	49	5.062240859888325E-6	6.7135784201786795E-6	1.3447948648034986E-5	9.01162654633561E-6	1.9644416328803192E-5	9.674577970494627E-6	0.959055057454523	9.933517627361788E-6	0.04085981643387533	1.1638205200729985E-5
50	50	0.08446388953611726	2.8050391540360254E-5	5.618765453878471E-5	0.12047966350519973	0.24718819702191797	0.16625928650241628	0.024052929403465012	0.30759084683872306	0.03783256528178366	0.012048383864297945
51	51	0.004308593635304672	0.36785414669472816	0.011445869044268635	0.46034508522285644	0.016719830112039313	0.008234263485608132	0.10141590867304487	0.008454653188189458	0.011316096604615486	0.009905553339344892
52	52	3.978975581231517E-5	5.276944605350748E-5	0.4867092840679072	0.003415186864412855	0.02690924332811714	0.015125638531781775	0.3855373424926446	7.80785133876015E-5	1.0450387266897113E-4	0.08202816312721405
53	53	2.1359688331088783E-5	2.8327364621782035E-5	0.6414260645590555	4.868476586274181E-4	0.2644401522417455	9.384688032420003E-4	0.09206283666711751	4.90737498465336E-4	5.60991165698519E-5	4.910640222408007E-5
54	54	0.07032694278651404	0.025542352688479927	0.22613104553868463	5.8384601757969885E-5	0.12899987248901315	0.48178432388447373	8.282605350549156E-5	6.435735743677952E-5	0.0014644554249831968	0.06554543917515111
55	55	2.071807347112994E-5	4.6281829372243937E-4	0.8498423157503654	3.6881599680637255E-5	8.039808299571658E-5	0.08318988687450586	0.05011663324223263	4.065459422548812E-5	5.441397836634209E-5	0.016155279510434377
56	56	4.430944369724312E-5	0.069888210636081	1.1770896327455035E-4	0.05966667304366405	0.05044914816312267	8.46809110318937E-5	0.008491432430957069	0.011259658935768656	0.7598607593694016	0.040137418103001365
57	57	0.08305667683497739	2.0004357102895167E-5	0.03236924044000134	2.6851819436411606E-5	0.03682504099698999	0.2218956785881584	0.23585086050738605	0.08116947584224907	0.07832691962211247	0.23045925099158604
58	58	0.0898866609872369	4.296303824583341E-5	0.323425272318025	5.766922373375362E-5	0.2833027922967766	0.06064546957036981	0.07155679516534788	6.35687961068974E-5	0.17094433078862328	7.447781553410558E-5
59	59	2.5751724016662973E-5	3.415211236007437E-5	0.23004110896292826	4.584233073563943E-5	0.014168849607029493	0.033598173216304934	0.7127098439218835	5.0532009743234685E-5	0.009266542324291019	5.9203790707244596E-5
60	60	1.7038876470963757E-5	2.2597074407493934E-5	4.526413146742036E-5	0.17833033067048737	0.06093158206177681	3.905955583846319E-4	4.3029864798049914E-5	0.6566643537159416	0.10351603528735366	3.9172758912016845E-5
61	61	3.5017487014032516E-5	0.13322815261995516	0.6211171411935807	6.233692238195466E-5	1.3588806078802213E-4	0.05304528346490352	0.01480464421938871	6.871400119975291E-5	9.196997894038794E-5	0.17741085205184773
62	62	9.167778795283326E-6	1.2158370884459183E-5	0.1882330706120078	1.6320163549928452E-5	3.557627312677737E-5	0.6700174337748153	0.1410352098421289	5.959079881644462E-4	2.407826759225937E-5	2.1076928934741018E-5
63	63	6.586859104445067E-6	8.735537554278958E-6	1.7498128880097E-5	1.1725699350445177E-5	2.5560815087281553E-5	1.2588314888679954E-5	1.663440997363154E-5	1.2925240586912133E-5	0.9998726016578569	1.5143336717391864E-5
64	64	3.847098455128391E-5	0.14313387970356056	0.05264675179578449	0.23773153901879224	0.25963854278794557	0.0024986560895786654	9.715436734990192E-5	0.0041173793977396745	0.30000918019893485	8.844565576277863E-5
65	65	2.0946040669908507E-5	2.7778782266947475E-5	0.8732776118573248	3.728741902370424E-5	0.12199785793330806	4.003051400415819E-5	5.289699116115712E-5	4.110192896324636E-5	0.00313593699493376	0.0013685515383442962
66	66	2.5668387146963348E-5	0.04480101318292047	6.818860693994305E-5	0.5949609911642134	9.960815724895644E-5	4.905551112706583E-5	6.48227734029321E-5	5.0368479740004324E-5	0.35982127153988436	5.9012197375912635E-5
67	67	0.017918872376361753	2.054483141112378E-5	6.921853243798764E-4	0.7063973349007305	6.011566356805098E-5	2.96060552119527E-5	0.09964702323944957	0.17353043569621757	0.0016682667833284191	3.5615129341216194E-5
68	68	0.01957342813481952	0.06080298389204587	1.371133889609122E-4	0.18554911655906112	0.39389021221725484	9.864063337979304E-5	1.303453838109561E-4	0.0011858259812088845	0.3374291270740226	0.0012032067354355316
69	69	2.681078188642696E-5	3.555664214381223E-5	0.07330878471999258	4.7727629021008124E-5	0.30713843298562177	0.05920465368125887	0.0017578053383118508	0.23159597710911328	0.05922383078695921	0.2676604203256912
70	70	3.750090778574869E-5	0.8439911387668447	0.004827584997461642	6.675782236904307E-5	0.06239703868656831	8.596627859510852E-4	0.005610661436128922	7.358716008230817E-5	0.08204985200927244	8.621542753574632E-5
71	71	1.7365862622422887E-4	2.3030725675952484E-4	0.20480699364569468	3.0914109569194967E-4	0.44220649518207844	0.02587509167621697	4.385563344025459E-4	3.407662875961743E-4	0.32521974482130334	3.9924507403210185E-4
72	72	1.0952786788804761E-5	1.4525660682956902E-5	0.5977213482682154	1.9497773202463613E-5	0.009708685106819551	0.3537571629034836	0.03869238798425043	2.149239904750948E-5	2.8766415188539025E-5	2.518070232058581E-5
73	73	0.06203779092521947	3.799694695541261E-5	0.10001317228079448	5.100324661940704E-5	1.111818166854317E-4	0.025340035784272952	0.05786728132989252	0.04761662929901884	7.524862213660013E-5	0.7068496597484049
74	74	1.868453364270301E-5	0.07776190826936336	0.22580139853127276	8.184850845844682E-4	0.013813918415972471	3.570849008805322E-5	0.1284312317015073	3.6664226265780485E-5	4.9073086396569426E-5	0.5532329276609065
75	75	0.048570290191826675	2.2532535435001553E-5	4.5134853646628725E-5	3.0245389533545298E-5	6.593182939492653E-5	3.2470428927089795E-5	0.10321866942505467	0.8468600126737184	4.4623117923595635E-5	0.0011100895545396174
76	76	1.981242961068874E-5	2.6275379533909277E-5	0.9763039348765632	3.526940372233238E-5	0.0017421310868252558	3.786404091759735E-5	5.003417736619087E-5	3.8877470319139036E-5	5.203539401107721E-5	0.02169376574113064
77	77	1.534947743110124E-4	2.0356581856663037E-4	4.077620760861528E-4	0.0970332533244633	0.4714943501329322	2.933477887040177E-4	3.876346775015068E-4	0.03900520211839889	0.38744316778842186	0.003578221500614353
78	78	9.585079709951327E-6	1.2711798209032934E-5	0.004255031497370857	1.706302824256484E-5	0.8751550658778429	0.03808443508605449	2.4206096258787435E-5	0.013915962329811026	0.06487855843673426	0.003647380769766016
79	79	0.02623587091011491	8.086910345817509E-4	0.0016198865678688581	0.0010855047992165345	0.7070838583644474	0.06523059492356173	0.001539927924028419	0.0011965521431852829	0.1937972212844618	0.0014018920485332706
80	80	1.3636027691558144E-5	1.8084193103570188E-5	0.004620691909773563	0.8343973625183368	0.14790199308782684	2.6060161252918615E-5	3.443633322596788E-5	0.012920572552484225	3.581368300702427E-5	3.134953329753082E-5
81	81	2.2500867014124643E-5	0.026506813199086217	0.2057291131670967	4.0055267244736766E-5	0.01048898407772652	0.001934214296358223	0.6525250718568268	0.020374685303688682	5.9096309926530225E-5	0.08231946565503154
82	82	2.5060146084857363E-5	0.0058256186837092995	0.1432964254482145	0.00531041461367534	0.09224880743790587	0.0421743203350099	0.5229575649528564	0.03848953980708562	0.11486033225754826	0.034811916317910016
83	83	1.1082872073813526E-5	1.4698180676846902E-5	0.6038889096200601	0.007937670689816469	0.28252720939319004	2.1180760256731803E-5	0.09993377791302599	2.1747662379986208E-5	2.9108071370717838E-5	0.005614614837149245
84	84	0.002792064417551311	0.05351226656596026	0.041355107765874186	1.2418373838284487E-5	0.007942585320830888	0.004704007233827636	0.674009022358176	0.01643105228029703	0.181635405455449	0.017606070228195343
85	85	2.211401083529827E-5	0.054396209264690555	9.880947339010228E-4	0.03628395427416005	8.581512566706427E-5	0.05719718936983099	0.17663204294030294	0.08972551459511023	0.49958284630311395	0.08508621938238796
86	86	2.378274636342274E-5	3.154084074173827E-5	0.8546164829044315	4.233722464128565E-5	0.12652620060490974	4.5451814801737165E-5	6.006078876669675E-5	4.666833063991071E-5	6.246303971818604E-5	0.018545011704985827
87	87	1.6616480859414852E-5	2.203689046110315E-5	0.6599498707845651	0.012948369484930559	0.2577419565743364	7.300691220073517E-4	0.051018807804957995	3.260613433659466E-5	4.364154955183799E-5	0.017496025173993596
88	88	1.6581743122021264E-5	0.7132511140259841	0.10944998266673857	2.9518247084399142E-5	0.17392918917610173	3.1689793346626086E-5	4.187542329287228E-5	0.0010778175831627887	4.355031430770854E-5	0.0021286810268591476
89	89	4.7117044480039324E-5	0.01887352163430447	0.13081235577182598	0.19512460421751043	0.5783746443674591	0.014940863447598386	0.0011090435265876648	9.245668170399643E-5	0.060517070167200274	1.0832314132969103E-4
90	90	0.014597348271117316	0.001733782057515355	3.615188256848228E-5	0.010318630176437537	0.017210150370626738	0.004029387478058538	3.4367402371046216E-5	0.7781121018315553	0.1341489546140869	0.039779125915662794
91	91	2.124526375102015E-5	0.1174365076535007	0.03978777518498354	0.01521608354321336	0.03356390739493629	0.008968992636053342	0.18308565316504338	4.168908746340543E-5	5.579859168595724E-5	0.601822347479369
92	92	0.0011581095701919402	0.03001230237042167	7.150538830220536E-5	0.09506809832989749	0.027253076579830435	5.1441634151485526E-5	0.04192210350699777	0.7398528048627867	0.06398307881114709	6.274789462732434E-4
93	93	2.539445155864226E-5	3.3678295184898516E-5	0.5550166484323776	4.520632663072114E-5	0.002766570069159064	0.25297729630741406	0.18789308676142424	0.0011170409183399266	6.669602459237344E-5	5.8382413318436196E-5
94	94	1.310651630678406E-5	0.02204960410274969	3.481773450269087E-5	0.9129835371611502	0.018227444122799127	2.5048198503604773E-5	3.309910871267999E-5	2.5718612442635994E-5	0.046302089491186284	3.0553495164638105E-4
95	95	0.006184378478318066	1.7703745083561333E-5	3.546231828409897E-5	2.3763711269843742E-5	0.07999468226562297	2.5511918005735692E-5	0.6956770170302726	0.10016517052574839	0.1178456199930374	3.0690014357263993E-5
96	96	2.7571902233685194E-5	3.656604514930741E-5	0.0018113223936838975	0.0017871596083383005	0.08874892491015181	5.269336749032659E-5	0.7242684045358181	5.410370316995343E-5	0.02556421175148177	0.15764904178248296
97	97	0.03223740830340618	8.413851609881724E-4	0.18275616577215267	3.455022040296229E-5	0.016388227244146413	0.00941701596330036	0.05795984913610389	3.8084714411697196E-5	0.004944847731299411	0.6953824657537881
98	98	0.002880578966035457	0.9036760442673768	3.6245163160080725E-5	0.010058561223390584	5.294599895174833E-5	2.607510381122242E-5	3.445607857259119E-5	0.0017469340745995018	0.05766123012252164	0.023826929001580392
99	99	3.683451529694402E-4	3.738036801729504E-4	4.4452445878963526E-5	0.6571922817138686	0.16602571453933374	3.1979498501287436E-5	0.00531643556085465	0.07914549517321001	4.3948447246098575E-5	0.09145754378796432
100	100	0.17273162328694286	0.07868497217607616	1.629089848030071E-4	1.0916720241208523E-4	0.07368727957425251	0.041351896514826965	1.5486769243559876E-4	0.05552946085817428	1.6106193445518835E-4	0.5774267617756214
101	101	2.3806540466114217E-5	0.6808565130542588	0.06309332524892372	0.25166247153710086	0.0025935768745264085	4.549728831990788E-5	5.603596296362863E-4	4.671502125480932E-5	6.252553258418079E-5	0.0010552092729289133
102	102	0.0059151887411994725	0.007844763728819638	0.38859538014433975	0.010530014940449639	0.02295434640740013	0.5084800786433306	0.014938178125917452	0.011607237438159588	0.015535660332751203	0.013599151497632581
103	103	0.18218588075062772	1.9004454111839467E-5	0.027740187889051283	2.55096511061997E-5	0.016315548481153526	0.031643936442087156	3.618871524014632E-5	0.0021358893026536007	0.014490916219959139	0.7254069380940095
104	104	2.03199969495476E-5	2.6948518807062225E-5	0.6080695080698245	3.617295758938689E-5	0.001786762101650724	3.883406583955945E-5	5.131598453253906E-5	3.9873457915774034E-5	5.336846960976229E-5	0.3898768963772811
105	105	2.1075907218588282E-5	0.02837104746955654	5.598858802474634E-5	0.03413780652826536	8.178668446809348E-5	9.260004695798745E-4	0.10412553225973721	0.6643326799830429	0.08508464316559824	0.08286343894450855
106	106	2.4379737879010695E-5	0.015400827195329108	0.5779201630087613	4.3399968342881916E-5	0.29875568624331034	4.659274055480512E-5	0.03797052182403943	4.7839793220932434E-5	6.403097910499049E-5	0.06972655850945732
107	107	0.030312863183498417	3.9006726204127254E-5	0.9672944753122293	5.235867183590634E-5	7.321661147452858E-4	0.0012922697239201493	7.42774982509026E-5	5.7714973756731746E-5	7.724837483296998E-5	6.761942072618885E-5
108	108	7.650623662437968E-5	1.01463093801082E-4	2.0324041661695416E-4	1.3619376319832062E-4	0.3202092033447492	0.0017538125982150573	1.9320833881064376E-4	0.0017577259834545243	0.675392756671738	1.7588955279179997E-4
109	109	1.3569928613559686E-5	0.9096155610072495	3.604879898122371E-5	2.4156718795188135E-5	0.0014783606669435242	2.5933837614519476E-5	6.045500117426604E-4	2.6627955645676238E-5	0.05991510357238968	0.028260087502024488
110	110	0.01675437805655657	3.7701877123011575E-5	0.3310103824913095	0.0030373839074404707	1.1031842100119663E-4	0.12012275480569816	0.5149921014798876	5.578429826043443E-5	0.0138138372400568	6.535742266620282E-5
111	111	1.672157287593522E-5	2.217626421153741E-5	0.08718287501682905	2.976716718860105E-5	6.488935401120777E-5	0.1500646980595988	0.7625036993771135	3.281235395898993E-5	4.391756337722494E-5	3.844327083507992E-5
112	112	3.0781990527946885E-5	0.011036619042295154	0.0020222075463954517	0.40495880546868984	0.005293944010329182	0.0013524512794563038	0.08028236450134515	0.4017303536405616	8.08458647950387E-5	0.09321162665560442
113	113	2.350088310318453E-5	3.116703175995502E-5	0.9788058952389737	4.1835461388864E-5	9.119699053270207E-5	0.008439786448041105	5.934897317250214E-5	4.611523691292758E-5	0.012407124679117755	5.4029056997351826E-5
114	114	0.0017564902153216857	0.9222024209666863	0.06750625740863232	4.8827948992814736E-5	0.007022685226712264	5.242003729752963E-5	0.0012219762703391717	5.382305730648327E-5	7.203925489063734E-5	6.305961382079575E-5
115	115	0.0011286897913571424	1.0107975088423078E-5	0.9127298111834946	1.3567920255872745E-5	0.0269352104164348	1.4566061047688446E-5	0.03220991678749834	1.4955921035493343E-5	2.001769244480227E-5	0.02692315625134276
116	116	0.031090807830903608	1.735804921200233E-5	0.48847750918015487	2.32996842043765E-5	0.22969588512878963	0.01762655391004473	0.04293680772328627	0.039079100466999285	0.024236493352067096	0.1268161846743381
117	117	0.03300411516955918	0.020732013396889237	0.04913662186891828	2.1666937589709168E-5	4.7231689017951786E-5	2.3260892583117448E-5	0.03762620824799071	0.0192052461812113	0.0023337302590642033	0.8378699053571763
118	118	2.295673565632201E-5	3.0445379697604884E-5	6.0985048079980664E-5	4.086678887544764E-5	8.908538437126423E-5	4.387320461476837E-5	5.797478684580393E-5	4.5047469020229566E-5	0.9995559871530179	5.277804982062516E-5
119	119	0.01801567712645087	2.0287281838846095E-5	0.9476320651608926	3.4866694431440637E-4	0.005845198452377933	0.027994110835568055	3.863150507465599E-5	3.0017385534921758E-5	4.0176649115030535E-5	3.516865883265421E-5
120	120	1.2484204877782768E-5	1.6556637817194017E-5	8.201436255942825E-4	0.020746006243635904	0.9014018124773803	0.024157883831771407	0.048299577424697586	0.004484045553503718	3.27885338898552E-5	2.8701466831982252E-5
121	121	2.7748743567269845E-5	3.680057333431671E-5	0.9732257676249578	4.939735604832222E-5	1.0768114088681934E-4	0.007049930452774015	7.007649160730384E-5	5.445071481025852E-5	7.287934055580151E-5	0.019305267561458138
122	122	0.014898336626042749	1.3342196999399511E-4	0.017178951352612177	0.15449830176110227	0.4147269104277786	1.922672486857681E-4	2.540651602238888E-4	0.09955361674319432	0.08059477448905254	0.21796935422131367
123	123	1.3639935931759143E-5	0.05189474234157932	0.0017559028289849117	0.11352237291398808	3.3954216637786637E-4	0.002032347026840365	0.17601381040593875	0.6036302523183738	0.04789991812005638	0.002897471941928848
124	124	0.017831916850046776	0.019621497243330094	0.07485045864012377	0.001237188415601866	7.030540633864959E-4	0.05939955574237274	0.6956015247145771	5.542013758999421E-5	0.07188232897071706	0.058817055222254125
125	125	9.020080826235224E-6	0.00986782906768746	2.3962033239764147E-5	0.4247659994340015	0.005531544094199977	0.005703315377259941	2.123151475231356E-4	0.40524544483827374	0.14407097106290606	0.004569598864082118
126	126	2.9540045811814898E-5	3.917621061153243E-5	0.07332283813734097	5.258617050939645E-5	0.04604753890824765	0.21854811799684482	0.43085077722955745	0.08447519927779353	0.14656631279585805	6.791322742483066E-5
127	127	0.003410429291710635	4.264372817286077E-5	0.027787271513229364	5.724061428734218E-5	0.06701461636719945	0.05681646542422524	0.713572805639097	0.035872807449086566	0.028461957959412903	0.06696376201357875
128	128	1.691773462115973E-5	0.7803155524930168	0.004310781674578725	0.025625152521363905	0.06263129450632164	3.233191529337007E-5	0.041990144297157826	0.039847697961288446	0.04519123264527416	3.8894251084073154E-5
129	129	1.9771274530694104E-5	2.6220799385595512E-5	4.679698824803676E-4	0.6738903574006929	9.076181135565193E-4	3.778538839170809E-5	4.993024460214156E-5	0.19696071190203093	0.03702671728706302	0.09061291770726611
130	130	2.238444921264593E-5	2.968640950539848E-5	5.9464757181239764E-5	0.60538908920949	0.13931248648694936	4.277949335644561E-5	5.6529538484557624E-5	0.13033276660451923	0.08848587473249638	0.03626893831880478
131	131	2.6438419317977066E-5	3.506281236106999E-5	0.014514313943373302	4.7064762022068284E-5	0.6806409682149479	5.052713930210803E-5	6.676740750279977E-5	0.11949330803149978	0.12395519866313576	0.06117035060653731
132	132	3.853328344813058E-5	5.1103103818277165E-5	1.0236447284771592E-4	0.045411056493464504	0.8138847666643383	7.364194345867876E-5	9.731169656776133E-5	0.09399928191508074	0.04625335154465304	8.858888232298159E-5
133	133	2.7381537346065397E-5	0.17034256188344596	6.480985732142465E-4	0.0011994615621300014	0.18997470866711344	0.025368123222726042	0.0017952259923633834	0.1036183406081956	0.19396788003665977	0.31305821791680555
134	134	0.07865127305233625	2.8037930489634714E-5	0.0018331148205368217	3.763527330600245E-5	0.32082189988150056	0.5984290326218417	5.3390467121088855E-5	4.148536880367868E-5	5.552592526400973E-5	4.8604658800349266E-5
135	135	2.727170022898562E-5	3.6167915199305407E-5	0.8905936659723944	0.00234075204762654	0.03391583757556584	6.251706206798047E-4	6.887176954806706E-5	5.3514623750781274E-5	0.005802136202417816	0.06653661157258843
136	136	4.9778340971128356E-5	6.601637594609355E-5	0.6726944044827086	8.861368539028026E-5	0.05353791291029048	0.0021870834140661735	1.2570988970481855E-4	9.767888197805692E-5	1.3073790729093562E-4	0.27102206411165347
137	137	8.788542375380329E-6	1.1655424952948775E-5	0.908418307846427	1.5645059957759488E-5	3.4104616932254934E-5	1.6796008094227416E-5	0.09143416965233156	1.7245552517345537E-5	2.3082240506194347E-5	2.0205055905270302E-5
138	138	1.4965306989791303E-5	1.984709239224711E-5	3.975565080189254E-5	0.0034857107812931104	0.38967514693076816	2.8600580915132154E-5	0.10726896508580372	0.2946792428371163	3.93049040936604E-5	0.20474846082982606
139	139	0.01952352372220196	0.6543426735897354	8.214492719245982E-5	0.10336583542137798	1.1999518969785025E-4	5.9095816306539877E-5	7.8090200702986E-5	0.21253003633487802	0.009827514437296042	7.109036061084048E-5
140	140	3.100257155098089E-5	4.111582224068698E-5	8.235897929673359E-5	5.5189708377418426E-5	0.004680433435924012	0.03654025432285039	0.39615777128381574	0.08800611436856715	0.4521853025875204	0.022220456919856482
141	141	1.8431262083348564E-5	0.06702558804411397	4.896303294837966E-5	0.004680288919715071	0.05196836408928568	3.522445633373333E-5	0.13792173346188838	0.09956965917521272	0.026771407674581332	0.6119603398838374
142	142	8.011231529190274E-5	1.062454999713573E-4	2.1282003996634462E-4	1.4261318004312528E-4	0.19221539027614482	0.013620087729943716	0.4816469586204273	0.005207321173298248	0.3065842711564391	1.8418000847421378E-4
143	143	0.004052562488012414	3.629270060452392E-5	0.024223877973839014	6.237437386248047E-4	0.03403285293329024	0.11448289124648069	0.30310891777404975	0.11563434723819156	0.40374159933728576	6.291456962125796E-5
144	144	2.5152861100015188E-5	3.335789626780796E-5	6.681910122143478E-5	0.01642916067769936	0.22736487540862704	0.004276298514067808	0.0011205779268566674	0.4995088174831856	0.19667867457588678	0.05449626555508747
145	145	2.6133535765719508E-5	3.4658473710706186E-5	0.9797264667868021	4.6522018839926234E-5	0.01602633149416746	0.0016973498090798837	0.0022625379106591746	5.1281230067703914E-5	6.863715643124094E-5	6.00815844761621E-5
146	146	2.1075907218588282E-5	2.7951012171223272E-5	0.0049274582916378476	0.7560010444272975	8.178668446809348E-5	4.8313958743322906E-4	5.3224955275516585E-5	0.19091439696827872	0.04744146818313337	4.845398308583995E-5
147	147	1.9259199137720155E-5	2.5541681500270264E-5	5.116246503767778E-5	0.28007769693450685	4.794238206572619E-4	0.021485218389265336	0.11700318354947033	0.5807636542412455	5.058238869040094E-5	4.4277330488667E-5
148	148	1.1724519221968002E-5	1.5549137509294837E-5	3.114643036234413E-5	2.08715846574791E-5	4.5497901665721235E-5	2.240702853123325E-5	0.9995256850781238	2.6937009307026905E-4	3.0793294375991724E-5	2.6954932481852886E-5
149	149	0.027047067466397692	1.7234809540171336E-5	0.8170642515150076	2.31342597721697E-5	8.696446000093087E-4	2.4836160132106496E-5	0.0896002490495418	0.0013908580655179262	3.072030090106719E-4	0.06365552106507058
150	150	6.736029759346135E-6	8.933368696136129E-6	1.789440384259406E-5	1.1991247804350706E-5	2.6139683325680916E-5	0.7070146945778338	1.7011124548865884E-5	0.2928634217624132	1.7691518379392387E-5	1.5486283396484533E-5
151	151	1.9028185353429726E-5	0.06959614214223135	5.054877209138948E-5	0.8240892697696153	0.038057956141252014	3.636525166106791E-5	0.05082681898413787	3.7338566033614484E-5	0.01724278596300338	4.374622462069601E-5
152	152	0.0010388346733467859	3.202090335123272E-5	6.414097475003627E-5	4.298161198360378E-5	0.06249712711527992	0.1111546926153741	6.097493494370339E-5	0.3090204669764661	0.5160332509235032	5.5509271001331435E-5
153	153	2.323696302693714E-5	0.6748205292637186	6.172947794693275E-5	0.027872779241956473	0.117763342619149	4.4408754309364007E-5	0.15435213331725578	4.559735267901225E-5	6.102959356762474E-5	0.024955213416390246
154	154	2.011388090610929E-5	2.6675166301802215E-5	0.6336000116370232	3.5806036919255965E-5	0.240986358907041	8.837324519868738E-4	0.04865510269833249	0.0076470996992952555	0.018226611571600583	0.049918487950593546
155	155	3.77388113936162E-5	5.004946955071677E-5	1.002539412299762E-4	6.718133016479327E-5	0.4259835979490176	0.17056558200513233	0.053225824935799866	0.028621795864019948	0.32126121332042873	8.676237326254786E-5
156	156	2.2155190617287156E-5	2.9382365189641627E-5	0.002386553215617379	3.943990604790682E-5	0.023828489311589797	5.078808491290013E-4	0.22351490948424882	0.11735942804560442	5.818842493396657E-5	0.6322535732070218
157	157	2.6780607326869687E-5	3.5516624436735646E-5	7.114324309390485E-5	0.12497413540353465	0.18242903017219603	5.118110355711445E-5	0.027641490184025723	0.5971109997974653	0.019203218115616424	0.048456504748747346
158	158	1.313545663665176E-5	0.009401790599684705	0.07483384586355574	0.07068217118199589	0.04393670469749122	0.035078486564505414	0.560611290222569	0.1888172243089365	0.016595152395402303	3.0198709222622048E-5
159	159	3.453467837141983E-5	0.4093211254945019	0.04943699408961893	0.22646910424244418	8.596799551009646E-4	6.600010703513346E-5	0.020405846820323738	0.047236022180215935	0.24609129643276004	7.939599962785297E-5
160	160	0.021334819457851126	1.4167006053506199E-5	0.8013670039261281	1.9016351615131043E-5	4.145368499923531E-5	4.693445152442051E-4	9.248355407726547E-4	2.0961727941758302E-5	2.8056140578298694E-5	0.17578034164881587
161	161	2.6191065500626103E-5	0.1535807013666683	0.15526657560842927	0.5883643244018898	0.03752502615907661	5.005441509587297E-5	0.02207990139367171	0.040776847625246124	6.878825261086358E-5	0.0022615897118108304
162	162	0.06833188637860216	0.001368071934169191	8.383353196404623E-5	5.6177823242258144E-5	0.15064842907855958	0.18440488720780493	0.10816662345763192	0.1777754015412868	0.30909213732355556	7.255172318360179E-5
163	163	1.955999482042107E-5	0.9054755284084289	5.19615350555753E-5	3.482002801695652E-5	4.869115990641657E-4	0.00620249455102068	0.03868410446693614	0.0016824122419781557	0.04567320818959078	0.001688998985088252
164	164	0.0012115593436667412	3.734494587367799E-5	7.480554823987613E-5	0.05744503421468065	0.527905730552096	5.38157995701469E-5	7.111309822044658E-5	0.2763791857770223	0.03025066064085666	0.10657075007977349
165	165	3.669135603269011E-5	4.8660327093483116E-5	0.032478757602643	6.531668626540533E-5	0.13660637568582454	7.012178886906415E-5	0.022451167276943088	0.7047504660027041	0.07642368381665447	0.027068759456970154
166	166	0.031131239861783105	5.30355003258628E-5	0.057246909994373325	0.009314533918799552	0.3824935240722627	0.003437642777883989	0.06648501059788825	0.07318492368213284	1.0503076282758799E-4	0.3765481488317228
167	167	4.660943976059994E-5	6.181375750664794E-5	0.06280467217623562	8.297251677307959E-5	0.671061878705563	0.001068464823975372	0.08630388035261295	9.146062075631675E-5	0.17837109146011415	1.0715614670237003E-4
168	168	1.0510132225285411E-5	0.00663931380250954	2.7920385924271073E-5	1.8709774818768458E-5	0.9070546493465641	2.008618248480082E-5	0.019902667797701005	2.0623788281792457E-5	0.06628135575993276	2.416302955750211E-5
169	169	1.0798698797523426E-5	1.43213081359906E-5	2.8686969054628465E-5	0.02452543771836793	0.012975740481241517	2.0637669440887028E-5	2.7270961793997592E-5	0.8252906457524368	0.08035428619549838	0.056752174245232254
170	170	1.3031151187100826E-5	1.7282001750058145E-5	3.461752548707806E-5	0.7549426085495492	0.04523072899927588	2.4904166295969515E-5	3.067279373637672E-4	0.18102003232616726	0.010165533777643516	0.008244533565280193
171	171	1.7737439520527717E-5	0.10065543788546887	0.02911856180848963	0.6489210678801763	0.06417508806580935	0.0015247416501709744	4.4794011256114495E-5	3.480576547385235E-5	0.15173987878291134	0.0037678867107230384
172	172	2.6453115121974198E-5	0.8999567601149502	0.04064734705205963	4.7090922985381915E-5	1.0265335471637047E-4	5.055522482896154E-5	0.05898693907742634	5.190833321363501E-5	6.947650011837499E-5	6.0816304579166306E-5
173	173	0.036684398652646784	8.888819137468169E-5	1.780516675623507E-4	1.193144899656244E-4	0.019977140965948156	0.031112024084072026	0.4015520193676577	1.3152038460306073E-4	0.5100025516432045	1.540905529651607E-4
174	174	2.0147942707764226E-5	2.6720339295911393E-5	0.19988033030343927	3.586667256352999E-5	0.055115229912309244	0.17869721817274895	0.545340981589692	0.010200220935088008	0.009366877923377388	0.0013164062087779721
175	175	3.143258110088397E-5	0.036368204566657576	0.052922073618200303	7.164373504134247E-4	0.4710457522655674	0.0773364836123197	0.19756354363723308	0.008647947423916533	0.15529586073611792	7.226420847323038E-5
176	176	6.782107475493704E-6	8.99447727815375E-6	0.0014431180257172937	1.2073273765090771E-5	1.6882861300505106E-4	1.2961459043927395E-5	1.7127488905366245E-5	0.9980116895576588	3.028327800519928E-4	1.559221709868262E-5
177	177	0.011763920979125007	0.015601392388880362	0.031251101953751075	0.02094172630632514	0.29284208036855386	0.02248233023700755	0.5240910817292908	0.023084068823941206	0.030896779208426785	0.02704551800469833
178	178	2.8479390789832433E-5	3.776956267360861E-5	0.6206452521421455	5.069802902874549E-5	1.1051647382074455E-4	0.006038705378146587	0.3728924215052729	5.58844468798283E-5	7.47983134862407E-5	6.547475775602692E-5
179	179	9.585079709951327E-6	0.014916905675651402	0.2292277958366023	0.10092248373903483	0.04595822542608298	1.8318290965194382E-5	0.07152405510290799	4.216246299645577E-4	2.5174267322863715E-5	0.5369758319517579
180	180	2.5408009399193332E-5	0.2029118485173748	0.07107485019260214	0.08226427110714687	0.06202982316245162	4.8557896554329295E-5	0.032631447550712685	0.018202113273422936	6.673163292456071E-5	0.5307449486574108
181	181	2.279182016810173E-5	3.0226667650210652E-5	0.9396952660175265	4.0573212012417746E-5	0.016371615880094215	0.008664060040232296	0.014425061660081466	4.4723859189207565E-5	0.00389119469630301	0.01681448614674256
182	182	2.6556444982181597E-5	3.5219338803442444E-5	0.025181518008694736	0.06645184065943793	0.5754232840128535	5.075270116739061E-5	0.07093580375115854	0.19926580847159758	0.0023018341309298186	0.06032738248037487
183	183	5.181286980200426E-6	6.871458198414073E-6	1.3764197154776377E-5	9.223548342973802E-6	2.010638398590738E-5	1.1877471408582485E-4	4.4857528364323503E-4	1.0167119063429249E-5	0.9993554241136458	1.1911894899598559E-5
184	184	8.752981162212343E-6	1.955316845518857E-4	2.3252477399750967E-5	1.558175511283522E-5	0.23380063486603062	0.7658738536016586	2.2104720145821404E-5	1.7175771574946374E-5	2.2988842484090596E-5	2.012329987913664E-5
185	185	6.413401819418904E-5	8.505497317592132E-5	1.7037335977068113E-4	0.09444801351783504	0.24147399327625663	1.2256816235221388E-4	0.04463363310084476	1.2584869386471126E-4	0.618728935352393	1.474455453128693E-4
186	186	0.05587087584522871	5.2593554561914425E-5	1.0534999022882159E-4	0.011736821058293155	0.5584660797160445	7.578975212762353E-5	1.0014984688891951E-4	0.32923201815974873	0.04426914945001337	9.117262686432701E-5
187	187	0.22461839699624248	2.8753234178349222E-5	5.7595516503264976E-5	3.859542440672347E-5	0.3021279937471128	0.02282000636606039	5.475256472982727E-5	0.40914569006826024	0.041058371421639796	4.984466086617409E-5
188	188	0.9997178034470008	1.7848937959234115E-5	3.575315369465132E-5	2.3958603455629342E-5	5.222728422212156E-5	2.5721147675599186E-5	3.3988355011121195E-5	2.6409573069829452E-5	3.534778701062725E-5	3.0941710900449524E-5
189	189	1.6512701560774935E-5	0.0843370164892874	0.0014317695011279985	0.3182061957590248	0.12497536360037009	0.0010724852194833796	0.00247053160373238	0.07948985864719732	0.383104642332142	0.00489562414607392
190	190	8.375567710746742E-6	0.004586924705956561	2.224987067777468E-5	0.6835715681539183	0.04561467878471724	0.011455549188715686	1.971445631534779E-4	0.09030082387552955	0.13888044337176722	0.025362241917853395
191	191	3.106327974644675E-5	0.02680280447989968	0.12866878378283705	5.529777901273236E-5	7.732656042285343E-4	0.02225191892505665	0.77551236108425	0.034655228697022346	8.158464320855602E-5	0.01116769172473806
192	192	0.6856979201178122	2.5367163552669752E-5	5.0812888664154214E-5	0.05630311885976059	7.422615641335195E-5	0.04223835667432467	4.830473176737457E-5	0.007674050105961162	5.023677578864713E-5	0.20783760652595526
193	193	1.021900192141315E-5	1.3552510177652286E-5	2.714699218724384E-5	0.0807560765152292	0.003045853471359106	0.009252851750763954	2.580699917619324E-5	0.8847011328350532	0.018278754693685197	0.0038886052304465983
194	194	0.07867771403847484	0.7143883178997268	7.476131196684675E-5	0.18750809960455084	0.012527562785685658	5.378397558838226E-5	0.006575922821484725	5.522350134612396E-5	7.39136735911075E-5	6.470038758462168E-5
195	195	1.2967238975508068E-5	1.7197240938312712E-5	3.444774136117997E-5	5.680362107320078E-4	0.001140225130053566	2.4782022033885842E-5	3.2747378670828225E-5	2.5445311771329627E-5	0.998114339752414	2.981197304926258E-5
196	196	0.998973867248624	1.619967135095961E-5	3.244951273496114E-5	2.1744795286733943E-5	4.740141076650543E-5	2.334447797767373E-5	3.0847783896019004E-5	2.3969291911234158E-5	8.020931535277602E-4	2.8082653924199915E-5
197	197	0.17782069130064862	2.1094150109736295E-5	0.058196450446693436	2.831464700403821E-5	0.19791968000098836	0.40243070207013815	0.02176443688844397	0.10998943396043348	0.014078994481419489	0.01775020205412073
198	198	0.02880197014148456	4.035346661679366E-5	8.083190705000989E-5	0.09915614580863748	1.1807716375936185E-4	0.051846927553908025	7.684199208006338E-5	0.7231844735142553	0.09662442441344495	6.995403876351123E-5
199	199	0.01505724096199034	1.1582699472491245E-5	0.1154562630330214	0.14040710904394196	0.6197754650643812	1.6691207302891856E-5	5.72611184218647E-4	0.009560093768137568	0.004427379364320731	0.09471556367321264
200	200	0.0037986456360013976	0.12289509604912728	0.297963282528373	0.06090054849490243	0.4110268418908019	3.438547613818973E-5	0.0340713178903966	3.530580190532824E-5	0.029158285872095496	0.0401162903602584
201	201	7.526492855144652E-6	9.981686255253145E-6	1.999428557771555E-5	1.3398402938836678E-5	2.9207136371912152E-5	0.9998490444115886	1.90073547696801E-5	1.4769062065221703E-5	1.976759180649499E-5	1.7303575770974664E-5
202	202	1.9632617201890742E-5	0.5631342904675257	0.10772340294014963	3.494930787519002E-5	0.27234830848489106	3.7520396824570714E-5	4.9580080310391756E-5	3.852462860697035E-5	0.0433675826387798	0.013246208437834774
203	203	1.8952407412604474E-5	2.5134812218022904E-5	5.0347466407784706E-5	3.373842187354199E-5	7.35462795925738E-5	3.622043050039054E-5	0.9996315216733616	3.718986874089629E-5	4.9776630456331556E-5	4.357200943627025E-5
204	204	3.4889128068921635E-5	0.13933781651401148	9.268369791790678E-5	0.5029779019557721	0.048520874463054926	6.667750491682477E-5	8.810877092077602E-5	0.03305856519978259	0.2757422718781276	8.021088742695974E-5
205	205	4.1417296761947366E-5	5.4927901982380236E-5	0.47093561415280244	7.372964292055803E-5	0.32390770790486106	0.08536733784610231	0.11411226975050763	8.127219918009878E-5	1.0877844859163256E-4	0.005316944856289947
206	206	0.080775806120927	0.0012807908959846163	0.03268064992118432	0.00130681845251865	2.224914921303527E-4	0.056732979063041734	0.22543366068018422	0.15552568286540247	1.5058377996551481E-4	0.44589053672866114
207	207	2.0863396825169173E-5	2.7669179435324237E-5	0.936029759773154	3.714029930226912E-5	0.020247153798197134	0.010122968459594383	4.910837563545794E-4	4.09397588667944E-5	5.4795655835235816E-5	0.03292762592243515
208	208	2.606197802940208E-5	3.456357335182676E-5	6.923418934541707E-5	0.006617972575359716	0.04555454960988284	0.09752821383954115	0.8001554310781854	5.1140813984242614E-5	0.0022589751974660803	0.047703857144854006
209	209	2.6600976737894073E-5	3.527839712216704E-5	0.8849000591936049	0.0011652687250156579	0.0520862552936599	6.097950988858037E-4	6.717792892496447E-5	5.219847862725776E-5	6.986484408197217E-5	0.06098750106333947
210	210	3.3846954518491355E-5	4.4888062368712674E-5	0.6394718070120623	6.025318081332453E-5	0.36000591444680363	6.468578039175992E-5	8.547687279958597E-5	6.641709247895482E-5	8.889569068775517E-5	7.781490707549371E-5
211	211	0.009650260170273426	0.4090565998181707	9.350630663631602E-5	6.265966187019537E-5	0.017147854051376837	6.726929719635743E-5	0.09328102420671465	6.906975699799871E-5	0.09032609914403207	0.3802456575867315
212	212	0.4007595223790913	2.0895747915111753E-4	4.185620951117573E-4	2.804833202683382E-4	0.3614842666252088	0.10293467796741822	3.979016006351722E-4	0.03672753701001327	0.003724576485796773	0.0930635150373052
213	213	0.14410843110505595	2.186133088320618E-5	4.379036583700673E-5	3.757193052397209E-4	0.34713159018106604	0.04367473713957375	0.0017735032081857669	0.43230818737784626	4.329387382001848E-5	0.030518886112492382
214	214	4.2150966017774794E-5	0.010684348140096587	0.7777600313838582	7.503569562034808E-5	0.13656197633522899	8.055578913715057E-5	0.037306013111226465	8.271186131533268E-5	1.1070535859464388E-4	0.03729647135890458
215	215	7.123820151733559E-5	0.06146754632331597	1.8924577125013192E-4	0.5180556481754295	0.27870061534999774	0.08695658525983349	1.7990447814859945E-4	1.3978906774689013E-4	0.05407564915075622	1.6377822200423623E-4
216	216	2.7652004424567435E-5	0.9233126960575146	0.07560894150808557	4.922514436369961E-5	1.0730573717784222E-4	5.2846452835877454E-5	6.983218722266571E-5	5.426088583809234E-5	7.262526473038645E-5	6.446147578065898E-4
217	217	2.0574760603883722E-5	0.1777151048291933	0.06663354788966439	0.05710424700028326	0.5028801651750264	0.007388938745574951	0.0022136116554336937	0.01603660033899848	0.1474787239277409	0.022528485677480763
218	218	5.4635904926723346E-5	0.4248493744770373	0.0770642045848755	0.08734873558414558	0.30674022577275956	0.0575067020166091	1.3797714926347125E-4	1.0721076687142103E-4	0.046065324573488824	1.2560917002254376E-4
219	219	2.3842321024814126E-5	3.161984906476688E-5	0.04916041604510049	4.2443277398343804E-5	9.252196673762352E-5	4.5565669460701286E-5	0.8206828077031677	4.6785232613849684E-5	6.261950669570933E-5	0.129811378428736
220	220	1.0071936218452006E-5	1.3357470637441604E-5	2.6756309073569895E-5	1.7929713403878514E-5	3.9084925784583794E-5	1.9248734889594395E-5	2.5435600432524182E-5	0.7868905018253902	0.21293445787705353	2.315560711617241E-5
221	221	0.11098255799188592	2.7901586087111957E-5	0.2069482842337968	3.745225841285317E-5	9.657975928655784E-4	0.15520950346826518	0.1773263151426728	4.833613978010489E-4	0.04426303254554843	0.3037557937826644
222	222	0.9992186842681494	2.468264921014932E-5	4.405180894875063E-4	3.3131484125890545E-5	7.222321790784618E-5	3.556884262857866E-5	4.700126393433454E-5	3.6520841148151846E-5	4.888117316173485E-5	4.278817024642848E-5
223	223	0.01849491294073718	4.883128349896326E-6	0.09927442264872058	6.554616079976996E-6	0.0674028328494345	6.259901505484309E-4	9.298564446815322E-6	0.035751780311439454	0.0067407880086122005	0.771688536781631
224	224	3.266527938792904E-4	1.96800004370775E-5	3.942094941136929E-5	2.6416435955766183E-5	5.7585105548925704E-5	0.22702857270177987	0.5903003913629467	0.18212819073562472	3.8973997523419946E-5	3.4115916892956756E-5
225	225	3.570047547645333E-5	0.04880787421494714	9.483905926364157E-5	6.355275488166074E-5	1.3853845022521289E-4	6.822809169698385E-5	0.7202456482099595	7.005421359156143E-5	9.376378083371621E-5	0.2303818007491241
226	226	1.4963382238184555E-4	1.984453977351384E-4	3.97505376590208E-4	0.06000626230973981	0.5413838743672803	2.859690247311236E-4	3.7788425529573897E-4	2.936229731890663E-4	0.39341858625938314	0.003488216213673505
227	227	2.9986763389687056E-5	3.976865051586033E-5	0.3888523953117616	5.338140173108042E-5	0.11479487120454816	5.730847040389562E-5	7.572837191397063E-5	5.884232911145099E-5	7.088589563052782E-4	0.4953288585403191
228	228	1.4176262165557473E-5	0.9323862786770615	3.765953673482533E-5	0.030111215415599996	0.001246536012942022	2.7092617172286104E-5	3.336816211505299E-4	0.021773129537605077	3.7232555617062774E-5	0.014032997763951213
229	229	2.6750500611693914E-5	0.9331201260064036	0.004567856754624941	0.056819638137820754	0.0034764025000464365	5.1123565843784485E-5	6.75555355168458E-5	5.249188585089881E-5	0.0017565551127955192	6.150000048555863E-5
230	230	1.7299007691889275E-5	2.294206221023922E-5	7.729515251383176E-4	7.577914463737745E-4	0.2999531243631942	3.306057600962534E-5	4.368679844536237E-5	0.4529526712701019	0.10945838476068492	0.13598808819014976
231	231	4.0569916873876875E-5	5.3804100984422784E-5	0.2771643884069165	7.22211664759316E-5	0.7145372567724003	0.002634979869451499	1.0245499701379687E-4	7.960940531307488E-5	0.005221444216353225	9.327114821738315E-5
232	232	2.4555851566268155E-5	0.7415012452428476	0.024832454146852995	0.09601669490885475	0.10483999641517303	4.692931592650349E-5	6.201318348062036E-5	4.818537701775521E-5	0.03257147110514067	5.6454453139789985E-5
233	233	6.866844936408845E-5	0.692686337557934	1.8241917094573485E-4	1.2224120469818447E-4	0.2614326058992392	0.044861345152071276	1.7341484323005554E-4	1.347465028001099E-4	1.8035091551125678E-4	1.5787030420611554E-4
234	234	3.862711103405788E-5	5.122753860388571E-5	0.960294463642105	6.876265054097964E-5	0.019629696328936075	0.009002063313060724	0.009025790701429379	7.579708255117273E-5	9.131086692106026E-4	9.004629625281488E-4
235	235	0.9998937321610863	6.721443063967006E-6	1.3463702292243953E-5	9.022183246251012E-6	1.9667428845703455E-5	9.68591128706268E-6	1.2799125279437715E-5	9.94515427965283E-6	1.33110518044155E-5	1.1651838814953375E-5
236	236	1.0081731829871413E-4	0.364505397912972	0.02568910424086525	1.7947151213407528E-4	0.5045799677827928	1.926745553309373E-4	2.546033820415541E-4	1.9783148138978788E-4	0.10406835053971099	2.3178127446382102E-4
237	237	0.011303478308874893	3.3895335828120595E-5	0.8464489546227227	0.002193672936564124	0.13973057318428195	4.8844751454698165E-5	6.454427204456325E-5	5.015207909421014E-5	6.712584884560271E-5	5.875866028907182E-5
238	238	5.546367781904165E-5	7.355630852339083E-5	1.4734041934900814E-4	0.09566476774885561	0.006042428229855663	1.0599805312356261E-4	1.400676013951389E-4	0.2716562221710705	0.6213248858333607	0.004789269956647491
239	239	0.09011930186975026	0.0011836307770162543	1.651090845344919E-5	0.003014833705885644	0.03606935336184573	1.1878099431911029E-5	0.01725472118815155	0.4671636610646221	0.04859903128458247	0.3365670777402606
240	240	6.465681757983006E-5	0.005520195328688322	0.017833714987298285	1.150998361853587E-4	0.0016095175242749578	1.2356729762832999E-4	0.275961469926407	1.2687457095285787E-4	1.6981475994512534E-4	0.69847508895104
241	241	1.6281086700339937E-5	0.025679763087805372	0.06162286144559123	0.012002796161933563	0.030168767319340182	0.023636632520590374	0.2894652850204666	0.5439851731848121	0.012700791696199332	7.216484765609656E-4
242	242	5.776197824290305E-6	7.660433025048498E-6	0.7945248590202346	1.0282588104946238E-5	0.023932951850158063	1.1039039384098126E-5	0.04128150359458213	1.1334498791110925E-5	1.5170614385966988E-5	0.1401994221635098
243	243	3.621667454243893E-5	4.803080125747244E-5	9.621035287128929E-5	0.17281344315546227	1.4054160053777708E-4	6.921461293340807E-5	9.146134791526994E-5	0.801413212378205	0.02520840612975035	8.326294652488273E-5
244	244	0.05190012720683054	1.860666573849572E-5	0.878563235232086	2.497570035137218E-5	0.04663400899941265	2.6813068559228494E-5	3.543123754128363E-5	2.7530719168222172E-5	3.684838050333522E-5	0.022732422789808884
245	245	9.939411999882442E-6	0.17920947567888043	0.7420828523323045	1.769379836167718E-5	0.03157544756485833	0.005866893169544926	0.04116923834967403	1.9503877243134894E-5	2.61048861656666E-5	2.2850930967315082E-5
246	246	2.2437216703343975E-5	2.975639011213816E-5	5.960493512314999E-5	0.3366663918708253	0.032618196863453144	4.28803386574092E-5	5.666279715301142E-5	0.2230472644551259	0.4069337558526205	5.230492802261404E-4
247	247	0.015626706521791916	0.020724244971125697	0.041512672482282284	0.02781812387462781	0.060640640629034875	0.02986459847555494	0.367822258402064	0.3590226013080229	0.04104200478866181	0.03592614854683384
248	248	0.015626706521791916	0.020724244971125697	0.041512672482282284	0.02781812387462781	0.38899931878756666	0.35822327663408676	0.03946358024353219	0.030663923149491113	0.04104200478866181	0.03592614854683384
249	249	0.015626706521791916	0.020724244971125697	0.041512672482282284	0.02781812387462781	0.060640640629034875	0.02986459847555494	0.367822258402064	0.030663923149491113	0.04104200478866181	0.3642848267053656
250	250	0.015626706521791916	0.020724244971125697	0.3698713506408141	0.02781812387462781	0.060640640629034875	0.35822327663408676	0.03946358024353219	0.030663923149491113	0.04104200478866181	0.03592614854683384
251	251	0.015626706521791916	0.020724244971125697	0.6982300287993458	0.02781812387462781	0.060640640629034875	0.02986459847555494	0.03946358024353219	0.030663923149491113	0.04104200478866181	0.03592614854683384
252	252	0.015626706521791916	0.3490829231296575	0.041512672482282284	0.02781812387462781	0.060640640629034875	0.02986459847555494	0.03946358024353219	0.3590226013080229	0.04104200478866181	0.03592614854683384
253	253	0.3439853846803237	0.020724244971125697	0.041512672482282284	0.02781812387462781	0.38899931878756666	0.02986459847555494	0.03946358024353219	0.030663923149491113	0.04104200478866181	0.03592614854683384
254	254	0.015626706521791916	0.020724244971125697	0.041512672482282284	0.02781812387462781	0.060640640629034875	0.02986459847555494	0.03946358024353219	0.3590226013080229	0.3694006829471936	0.03592614854683384
255	255	0.3439853846803237	0.020724244971125697	0.041512672482282284	0.02781812387462781	0.060640640629034875	0.02986459847555494	0.03946358024353219	0.030663923149491113	0.3694006829471936	0.03592614854683384
256	256	0.015626706521791916	0.020724244971125697	0.041512672482282284	0.02781812387462781	0.060640640629034875	0.02986459847555494	0.03946358024353219	0.3590226013080229	0.3694006829471936	0.03592614854683384
257	257	0.015626706521791916	0.020724244971125697	0.041512672482282284	0.02781812387462781	0.060640640629034875	0.02986459847555494	0.03946358024353219	0.030663923149491113	0.3694006829471936	0.3642848267053656
258	258	0.015626706521791916	0.020724244971125697	0.041512672482282284	0.02781812387462781	0.38899931878756666	0.02986459847555494	0.03946358024353219	0.030663923149491113	0.04104200478866181	0.3642848267053656
259	259	0.015626706521791916	0.020724244971125697	0.041512672482282284	0.02781812387462781	0.38899931878756666	0.02986459847555494	0.03946358024353219	0.3590226013080229	0.04104200478866181	0.03592614854683384
260	260	0.015626706521791916	0.020724244971125697	0.041512672482282284	0.02781812387462781	0.060640640629034875	0.02986459847555494	0.03946358024353219	0.030663923149491113	0.04104200478866181	0.6926435048638974
261	261	0.3439853846803237	0.020724244971125697	0.041512672482282284	0.02781812387462781	0.060640640629034875	0.35822327663408676	0.03946358024353219	0.030663923149491113	0.04104200478866181	0.03592614854683384
262	262	0.3439853846803237	0.020724244971125697	0.041512672482282284	0.02781812387462781	0.38899931878756666	0.02986459847555494	0.03946358024353219	0.030663923149491113	0.04104200478866181	0.03592614854683384
263	263	0.015626706521791916	0.3490829231296575	0.041512672482282284	0.02781812387462781	0.060640640629034875	0.02986459847555494	0.03946358024353219	0.3590226013080229	0.04104200478866181	0.03592614854683384
264	264	0.015626706521791916	0.020724244971125697	0.041512672482282284	0.3561768020331596	0.060640640629034875	0.02986459847555494	0.03946358024353219	0.3590226013080229	0.04104200478866181	0.03592614854683384
265	265	0.015626706521791916	0.020724244971125697	0.041512672482282284	0.3561768020331596	0.38899931878756666	0.02986459847555494	0.03946358024353219	0.030663923149491113	0.04104200478866181	0.03592614854683384
266	266	0.015626706521791916	0.020724244971125697	0.041512672482282284	0.02781812387462781	0.38899931878756666	0.02986459847555494	0.03946358024353219	0.030663923149491113	0.3694006829471936	0.03592614854683384
267	267	0.3439853846803237	0.020724244971125697	0.041512672482282284	0.02781812387462781	0.060640640629034875	0.02986459847555494	0.03946358024353219	0.030663923149491113	0.04104200478866181	0.3642848267053656
268	268	0.3439853846803237	0.020724244971125697	0.041512672482282284	0.02781812387462781	0.38899931878756666	0.02986459847555494	0.03946358024353219	0.030663923149491113	0.04104200478866181	0.03592614854683384
269	269	0.3439853846803237	0.020724244971125697	0.041512672482282284	0.02781812387462781	0.060640640629034875	0.02986459847555494	0.03946358024353219	0.030663923149491113	0.3694006829471936	0.03592614854683384
270	270	0.015626706521791916	0.020724244971125697	0.041512672482282284	0.02781812387462781	0.060640640629034875	0.02986459847555494	0.367822258402064	0.030663923149491113	0.04104200478866181	0.3642848267053656
271	271	0.015626706521791916	0.020724244971125697	0.041512672482282284	0.02781812387462781	0.38899931878756666	0.02986459847555494	0.03946358024353219	0.3590226013080229	0.04104200478866181	0.03592614854683384
272	272	0.015626706521791916	0.020724244971125697	0.041512672482282284	0.02781812387462781	0.060640640629034875	0.35822327663408676	0.367822258402064	0.030663923149491113	0.04104200478866181	0.03592614854683384
273	273	0.3439853846803237	0.020724244971125697	0.041512672482282284	0.02781812387462781	0.38899931878756666	0.02986459847555494	0.03946358024353219	0.030663923149491113	0.04104200478866181	0.03592614854683384
274	274	0.015626706521791916	0.020724244971125697	0.041512672482282284	0.02781812387462781	0.060640640629034875	0.02986459847555494	0.03946358024353219	0.030663923149491113	0.6977593611057255	0.03592614854683384
275	275	0.015626706521791916	0.020724244971125697	0.041512672482282284	0.02781812387462781	0.060640640629034875	0.02986459847555494	0.367822258402064	0.030663923149491113	0.04104200478866181	0.3642848267053656
276	276	0.3439853846803237	0.020724244971125697	0.041512672482282284	0.02781812387462781	0.060640640629034875	0.02986459847555494	0.03946358024353219	0.030663923149491113	0.3694006829471936	0.03592614854683384
277	277	0.015626706521791916	0.020724244971125697	0.3698713506408141	0.02781812387462781	0.060640640629034875	0.02986459847555494	0.03946358024353219	0.3590226013080229	0.04104200478866181	0.03592614854683384
278	278	0.3439853846803237	0.020724244971125697	0.041512672482282284	0.02781812387462781	0.38899931878756666	0.02986459847555494	0.03946358024353219	0.030663923149491113	0.04104200478866181	0.03592614854683384
279	279	0.015626706521791916	0.020724244971125697	0.041512672482282284	0.02781812387462781	0.38899931878756666	0.02986459847555494	0.367822258402064	0.030663923149491113	0.04104200478866181	0.03592614854683384
280	280	0.3439853846803237	0.3490829231296575	0.041512672482282284	0.02781812387462781	0.060640640629034875	0.02986459847555494	0.03946358024353219	0.030663923149491113	0.04104200478866181	0.03592614854683384
281	281	0.015626706521791916	0.020724244971125697	0.041512672482282284	0.02781812387462781	0.060640640629034875	0.02986459847555494	0.367822258402064	0.3590226013080229	0.04104200478866181	0.03592614854683384
282	282	0.015626706521791916	0.3490829231296575	0.3698713506408141	0.02781812387462781	0.060640640629034875	0.02986459847555494	0.03946358024353219	0.030663923149491113	0.04104200478866181	0.03592614854683384
283	283	0.015626706521791916	0.3490829231296575	0.041512672482282284	0.02781812387462781	0.060640640629034875	0.02986459847555494	0.03946358024353219	0.030663923149491113	0.04104200478866181	0.3642848267053656
284	284	0.015626706521791916	0.020724244971125697	0.041512672482282284	0.3561768020331596	0.060640640629034875	0.02986459847555494	0.03946358024353219	0.030663923149491113	0.3694006829471936	0.03592614854683384
285	285	0.015626706521791916	0.3490829231296575	0.041512672482282284	0.02781812387462781	0.060640640629034875	0.35822327663408676	0.03946358024353219	0.030663923149491113	0.04104200478866181	0.03592614854683384
286	286	0.015626706521791916	0.020724244971125697	0.041512672482282284	0.02781812387462781	0.38899931878756666	0.02986459847555494	0.03946358024353219	0.030663923149491113	0.04104200478866181	0.3642848267053656
287	287	0.015626706521791916	0.3490829231296575	0.041512672482282284	0.02781812387462781	0.060640640629034875	0.35822327663408676	0.03946358024353219	0.030663923149491113	0.04104200478866181	0.03592614854683384
288	288	0.015626706521791916	0.020724244971125697	0.041512672482282284	0.02781812387462781	0.060640640629034875	0.02986459847555494	0.03946358024353219	0.030663923149491113	0.04104200478866181	0.6926435048638974
289	289	0.015626706521791916	0.3490829231296575	0.041512672482282284	0.02781812387462781	0.060640640629034875	0.02986459847555494	0.367822258402064	0.030663923149491113	0.04104200478866181	0.03592614854683384
290	290	0.3439853846803237	0.020724244971125697	0.041512672482282284	0.02781812387462781	0.060640640629034875	0.02986459847555494	0.03946358024353219	0.3590226013080229	0.04104200478866181	0.03592614854683384
291	291	0.015626706521791916	0.020724244971125697	0.041512672482282284	0.3561768020331596	0.060640640629034875	0.02986459847555494	0.03946358024353219	0.3590226013080229	0.04104200478866181	0.03592614854683384
292	292	0.015626706521791916	0.3490829231296575	0.3698713506408141	0.02781812387462781	0.060640640629034875	0.02986459847555494	0.03946358024353219	0.030663923149491113	0.04104200478866181	0.03592614854683384
293	293	0.015626706521791916	0.020724244971125697	0.3698713506408141	0.02781812387462781	0.060640640629034875	0.02986459847555494	0.367822258402064	0.030663923149491113	0.04104200478866181	0.03592614854683384
294	294	0.015626706521791916	0.020724244971125697	0.041512672482282284	0.02781812387462781	0.060640640629034875	0.35822327663408676	0.03946358024353219	0.030663923149491113	0.3694006829471936	0.03592614854683384
295	295	0.015626706521791916	0.020724244971125697	0.041512672482282284	0.02781812387462781	0.38899931878756666	0.02986459847555494	0.03946358024353219	0.3590226013080229	0.04104200478866181	0.03592614854683384
296	296	0.015626706521791916	0.020724244971125697	0.041512672482282284	0.02781812387462781	0.060640640629034875	0.35822327663408676	0.03946358024353219	0.030663923149491113	0.3694006829471936	0.03592614854683384
297	297	0.015626706521791916	0.020724244971125697	0.041512672482282284	0.02781812387462781	0.060640640629034875	0.6865819547926185	0.03946358024353219	0.030663923149491113	0.04104200478866181	0.03592614854683384
298	298	0.3439853846803237	0.3490829231296575	0.041512672482282284	0.02781812387462781	0.060640640629034875	0.02986459847555494	0.03946358024353219	0.030663923149491113	0.04104200478866181	0.03592614854683384
299	299	0.3439853846803237	0.020724244971125697	0.041512672482282284	0.02781812387462781	0.060640640629034875	0.35822327663408676	0.03946358024353219	0.030663923149491113	0.04104200478866181	0.03592614854683384
300	300	0.015626706521791916	0.020724244971125697	0.041512672482282284	0.02781812387462781	0.060640640629034875	0.02986459847555494	0.03946358024353219	0.6873812794665547	0.04104200478866181	0.03592614854683384
301	301	0.015626706521791916	0.3490829231296575	0.041512672482282284	0.3561768020331596	0.060640640629034875	0.02986459847555494	0.03946358024353219	0.030663923149491113	0.04104200478866181	0.03592614854683384
302	302	0.015626706521791916	0.020724244971125697	0.041512672482282284	0.02781812387462781	0.060640640629034875	0.6865819547926185	0.03946358024353219	0.030663923149491113	0.04104200478866181	0.03592614854683384
303	303	0.3439853846803237	0.020724244971125697	0.041512672482282284	0.02781812387462781	0.060640640629034875	0.02986459847555494	0.03946358024353219	0.030663923149491113	0.04104200478866181	0.3642848267053656
304	304	0.6723440628388555	0.020724244971125697	0.041512672482282284	0.02781812387462781	0.060640640629034875	0.02986459847555494	0.03946358024353219	0.030663923149491113	0.04104200478866181	0.03592614854683384
305	305	0.015626706521791916	0.020724244971125697	0.041512672482282284	0.3561768020331596	0.060640640629034875	0.02986459847555494	0.03946358024353219	0.3590226013080229	0.04104200478866181	0.03592614854683384
306	306	0.015626706521791916	0.020724244971125697	0.3698713506408141	0.02781812387462781	0.060640640629034875	0.02986459847555494	0.03946358024353219	0.030663923149491113	0.04104200478866181	0.3642848267053656
307	307	0.015626706521791916	0.3490829231296575	0.041512672482282284	0.02781812387462781	0.060640640629034875	0.02986459847555494	0.03946358024353219	0.030663923149491113	0.3694006829471936	0.03592614854683384
308	308	0.015626706521791916	0.020724244971125697	0.041512672482282284	0.3561768020331596	0.060640640629034875	0.02986459847555494	0.367822258402064	0.030663923149491113	0.04104200478866181	0.03592614854683384
309	309	0.6723440628388555	0.020724244971125697	0.041512672482282284	0.02781812387462781	0.060640640629034875	0.02986459847555494	0.03946358024353219	0.030663923149491113	0.04104200478866181	0.03592614854683384
310	310	0.015626706521791916	0.020724244971125697	0.3698713506408141	0.02781812387462781	0.38899931878756666	0.02986459847555494	0.03946358024353219	0.030663923149491113	0.04104200478866181	0.03592614854683384
311	311	0.015626706521791916	0.020724244971125697	0.041512672482282284	0.02781812387462781	0.060640640629034875	0.02986459847555494	0.03946358024353219	0.6873812794665547	0.04104200478866181	0.03592614854683384
312	312	0.015626706521791916	0.020724244971125697	0.041512672482282284	0.02781812387462781	0.7173579969460986	0.02986459847555494	0.03946358024353219	0.030663923149491113	0.04104200478866181	0.03592614854683384
313	313	0.015626706521791916	0.3490829231296575	0.041512672482282284	0.02781812387462781	0.060640640629034875	0.02986459847555494	0.03946358024353219	0.3590226013080229	0.04104200478866181	0.03592614854683384
314	314	0.015626706521791916	0.3490829231296575	0.041512672482282284	0.02781812387462781	0.060640640629034875	0.35822327663408676	0.03946358024353219	0.030663923149491113	0.04104200478866181	0.03592614854683384
315	315	0.015626706521791916	0.020724244971125697	0.3698713506408141	0.02781812387462781	0.060640640629034875	0.02986459847555494	0.367822258402064	0.030663923149491113	0.04104200478866181	0.03592614854683384
316	316	0.015626706521791916	0.020724244971125697	0.041512672482282284	0.3561768020331596	0.060640640629034875	0.02986459847555494	0.03946358024353219	0.3590226013080229	0.04104200478866181	0.03592614854683384
317	317	0.015626706521791916	0.020724244971125697	0.041512672482282284	0.02781812387462781	0.38899931878756666	0.02986459847555494	0.03946358024353219	0.030663923149491113	0.3694006829471936	0.03592614854683384
318	318	0.015626706521791916	0.020724244971125697	0.041512672482282284	0.3561768020331596	0.38899931878756666	0.02986459847555494	0.03946358024353219	0.030663923149491113	0.04104200478866181	0.03592614854683384
319	319	0.3439853846803237	0.020724244971125697	0.041512672482282284	0.02781812387462781	0.060640640629034875	0.35822327663408676	0.03946358024353219	0.030663923149491113	0.04104200478866181	0.03592614854683384
320	320	0.015626706521791916	0.020724244971125697	0.041512672482282284	0.02781812387462781	0.38899931878756666	0.35822327663408676	0.03946358024353219	0.030663923149491113	0.04104200478866181	0.03592614854683384
321	321	0.3439853846803237	0.020724244971125697	0.041512672482282284	0.3561768020331596	0.060640640629034875	0.02986459847555494	0.03946358024353219	0.030663923149491113	0.04104200478866181	0.03592614854683384
322	322	0.3439853846803237	0.020724244971125697	0.041512672482282284	0.02781812387462781	0.060640640629034875	0.35822327663408676	0.03946358024353219	0.030663923149491113	0.04104200478866181	0.03592614854683384
323	323	0.015626706521791916	0.020724244971125697	0.041512672482282284	0.3561768020331596	0.060640640629034875	0.02986459847555494	0.367822258402064	0.030663923149491113	0.04104200478866181	0.03592614854683384
324	324	0.3439853846803237	0.020724244971125697	0.041512672482282284	0.02781812387462781	0.060640640629034875	0.35822327663408676	0.03946358024353219	0.030663923149491113	0.04104200478866181	0.03592614854683384
325	325	0.015626706521791916	0.020724244971125697	0.041512672482282284	0.3561768020331596	0.060640640629034875	0.02986459847555494	0.03946358024353219	0.3590226013080229	0.04104200478866181	0.03592614854683384
326	326	0.015626706521791916	0.020724244971125697	0.041512672482282284	0.3561768020331596	0.060640640629034875	0.02986459847555494	0.03946358024353219	0.030663923149491113	0.3694006829471936	0.03592614854683384
327	327	0.3439853846803237	0.020724244971125697	0.041512672482282284	0.02781812387462781	0.060640640629034875	0.02986459847555494	0.367822258402064	0.030663923149491113	0.04104200478866181	0.03592614854683384
328	328	0.015626706521791916	0.020724244971125697	0.041512672482282284	0.02781812387462781	0.060640640629034875	0.35822327663408676	0.03946358024353219	0.3590226013080229	0.04104200478866181	0.03592614854683384
329	329	0.3439853846803237	0.3490829231296575	0.041512672482282284	0.02781812387462781	0.060640640629034875	0.02986459847555494	0.03946358024353219	0.030663923149491113	0.04104200478866181	0.03592614854683384
330	330	0.015626706521791916	0.020724244971125697	0.041512672482282284	0.3561768020331596	0.060640640629034875	0.02986459847555494	0.367822258402064	0.030663923149491113	0.04104200478866181	0.03592614854683384
331	331	0.015626706521791916	0.020724244971125697	0.041512672482282284	0.02781812387462781	0.38899931878756666	0.02986459847555494	0.03946358024353219	0.030663923149491113	0.04104200478866181	0.3642848267053656
332	332	0.015626706521791916	0.3490829231296575	0.041512672482282284	0.3561768020331596	0.060640640629034875	0.02986459847555494	0.03946358024353219	0.030663923149491113	0.04104200478866181	0.03592614854683384
333	333	0.015626706521791916	0.020724244971125697	0.041512672482282284	0.02781812387462781	0.38899931878756666	0.02986459847555494	0.03946358024353219	0.030663923149491113	0.3694006829471936	0.03592614854683384
334	334	0.015626706521791916	0.020724244971125697	0.041512672482282284	0.02781812387462781	0.060640640629034875	0.02986459847555494	0.03946358024353219	0.3590226013080229	0.04104200478866181	0.3642848267053656
335	335	0.015626706521791916	0.020724244971125697	0.041512672482282284	0.02781812387462781	0.060640640629034875	0.35822327663408676	0.03946358024353219	0.3590226013080229	0.04104200478866181	0.03592614854683384
336	336	0.015626706521791916	0.3490829231296575	0.041512672482282284	0.3561768020331596	0.060640640629034875	0.02986459847555494	0.03946358024353219	0.030663923149491113	0.04104200478866181	0.03592614854683384
337	337	0.015626706521791916	0.020724244971125697	0.041512672482282284	0.6845354801916914	0.060640640629034875	0.02986459847555494	0.03946358024353219	0.030663923149491113	0.04104200478866181	0.03592614854683384
338	338	0.015626706521791916	0.020724244971125697	0.041512672482282284	0.02781812387462781	0.38899931878756666	0.02986459847555494	0.367822258402064	0.030663923149491113	0.04104200478866181	0.03592614854683384
339	339	0.015626706521791916	0.3490829231296575	0.041512672482282284	0.02781812387462781	0.38899931878756666	0.02986459847555494	0.03946358024353219	0.030663923149491113	0.04104200478866181	0.03592614854683384
340	340	0.015626706521791916	0.020724244971125697	0.041512672482282284	0.02781812387462781	0.060640640629034875	0.6865819547926185	0.03946358024353219	0.030663923149491113	0.04104200478866181	0.03592614854683384
341	341	0.015626706521791916	0.020724244971125697	0.041512672482282284	0.02781812387462781	0.060640640629034875	0.02986459847555494	0.367822258402064	0.030663923149491113	0.04104200478866181	0.3642848267053656
342	342	0.015626706521791916	0.020724244971125697	0.041512672482282284	0.02781812387462781	0.060640640629034875	0.02986459847555494	0.367822258402064	0.030663923149491113	0.04104200478866181	0.3642848267053656
343	343	0.3439853846803237	0.020724244971125697	0.3698713506408141	0.02781812387462781	0.060640640629034875	0.02986459847555494	0.03946358024353219	0.030663923149491113	0.04104200478866181	0.03592614854683384
344	344	0.015626706521791916	0.020724244971125697	0.041512672482282284	0.02781812387462781	0.38899931878756666	0.35822327663408676	0.03946358024353219	0.030663923149491113	0.04104200478866181	0.03592614854683384
345	345	0.015626706521791916	0.020724244971125697	0.041512672482282284	0.02781812387462781	0.060640640629034875	0.02986459847555494	0.367822258402064	0.030663923149491113	0.3694006829471936	0.03592614854683384
346	346	0.3439853846803237	0.020724244971125697	0.041512672482282284	0.3561768020331596	0.060640640629034875	0.02986459847555494	0.03946358024353219	0.030663923149491113	0.04104200478866181	0.03592614854683384
347	347	0.015626706521791916	0.3490829231296575	0.041512672482282284	0.02781812387462781	0.060640640629034875	0.02986459847555494	0.03946358024353219	0.030663923149491113	0.04104200478866181	0.3642848267053656
348	348	0.015626706521791916	0.020724244971125697	0.041512672482282284	0.02781812387462781	0.060640640629034875	0.02986459847555494	0.03946358024353219	0.3590226013080229	0.04104200478866181	0.3642848267053656
349	349	0.015626706521791916	0.020724244971125697	0.041512672482282284	0.02781812387462781	0.38899931878756666	0.02986459847555494	0.03946358024353219	0.030663923149491113	0.04104200478866181	0.3642848267053656
350	350	0.015626706521791916	0.020724244971125697	0.041512672482282284	0.3561768020331596	0.060640640629034875	0.02986459847555494	0.03946358024353219	0.030663923149491113	0.3694006829471936	0.03592614854683384
351	351	0.015626706521791916	0.3490829231296575	0.041512672482282284	0.3561768020331596	0.060640640629034875	0.02986459847555494	0.03946358024353219	0.030663923149491113	0.04104200478866181	0.03592614854683384
352	352	0.015626706521791916	0.020724244971125697	0.041512672482282284	0.02781812387462781	0.060640640629034875	0.02986459847555494	0.03946358024353219	0.3590226013080229	0.3694006829471936	0.03592614854683384
353	353	0.015626706521791916	0.020724244971125697	0.041512672482282284	0.02781812387462781	0.060640640629034875	0.02986459847555494	0.03946358024353219	0.030663923149491113	0.04104200478866181	0.6926435048638974
354	354	0.015626706521791916	0.020724244971125697	0.3698713506408141	0.02781812387462781	0.060640640629034875	0.02986459847555494	0.03946358024353219	0.030663923149491113	0.04104200478866181	0.3642848267053656
355	355	0.015626706521791916	0.020724244971125697	0.041512672482282284	0.02781812387462781	0.060640640629034875	0.35822327663408676	0.03946358024353219	0.3590226013080229	0.04104200478866181	0.03592614854683384
356	356	0.015626706521791916	0.020724244971125697	0.041512672482282284	0.02781812387462781	0.060640640629034875	0.02986459847555494	0.03946358024353219	0.3590226013080229	0.3694006829471936	0.03592614854683384
357	357	0.015626706521791916	0.020724244971125697	0.041512672482282284	0.02781812387462781	0.060640640629034875	0.02986459847555494	0.6961809365605958	0.030663923149491113	0.04104200478866181	0.03592614854683384
358	358	0.3439853846803237	0.020724244971125697	0.041512672482282284	0.02781812387462781	0.060640640629034875	0.02986459847555494	0.367822258402064	0.030663923149491113	0.04104200478866181	0.03592614854683384
359	359	0.015626706521791916	0.020724244971125697	0.041512672482282284	0.02781812387462781	0.38899931878756666	0.02986459847555494	0.367822258402064	0.030663923149491113	0.04104200478866181	0.03592614854683384
360	360	0.3439853846803237	0.020724244971125697	0.041512672482282284	0.02781812387462781	0.060640640629034875	0.02986459847555494	0.03946358024353219	0.030663923149491113	0.04104200478866181	0.3642848267053656
361	361	0.015626706521791916	0.020724244971125697	0.3698713506408141	0.02781812387462781	0.060640640629034875	0.02986459847555494	0.367822258402064	0.030663923149491113	0.04104200478866181	0.03592614854683384
362	362	0.015626706521791916	0.020724244971125697	0.041512672482282284	0.3561768020331596	0.060640640629034875	0.02986459847555494	0.03946358024353219	0.030663923149491113	0.3694006829471936	0.03592614854683384
363	363	0.015626706521791916	0.020724244971125697	0.3698713506408141	0.02781812387462781	0.060640640629034875	0.02986459847555494	0.03946358024353219	0.030663923149491113	0.04104200478866181	0.3642848267053656
364	364	0.015626706521791916	0.3490829231296575	0.041512672482282284	0.3561768020331596	0.060640640629034875	0.02986459847555494	0.03946358024353219	0.030663923149491113	0.04104200478866181	0.03592614854683384
365	365	0.015626706521791916	0.020724244971125697	0.041512672482282284	0.02781812387462781	0.060640640629034875	0.02986459847555494	0.03946358024353219	0.3590226013080229	0.3694006829471936	0.03592614854683384
366	366	0.015626706521791916	0.020724244971125697	0.041512672482282284	0.3561768020331596	0.060640640629034875	0.35822327663408676	0.03946358024353219	0.030663923149491113	0.04104200478866181	0.03592614854683384
367	367	0.015626706521791916	0.020724244971125697	0.041512672482282284	0.02781812387462781	0.38899931878756666	0.02986459847555494	0.03946358024353219	0.030663923149491113	0.3694006829471936	0.03592614854683384
368	368	0.015626706521791916	0.020724244971125697	0.041512672482282284	0.02781812387462781	0.060640640629034875	0.02986459847555494	0.367822258402064	0.030663923149491113	0.04104200478866181	0.3642848267053656
369	369	0.015626706521791916	0.020724244971125697	0.041512672482282284	0.02781812387462781	0.060640640629034875	0.6865819547926185	0.03946358024353219	0.030663923149491113	0.04104200478866181	0.03592614854683384
370	370	0.015626706521791916	0.020724244971125697	0.041512672482282284	0.3561768020331596	0.060640640629034875	0.02986459847555494	0.03946358024353219	0.3590226013080229	0.04104200478866181	0.03592614854683384
371	371	0.3439853846803237	0.020724244971125697	0.041512672482282284	0.02781812387462781	0.060640640629034875	0.02986459847555494	0.367822258402064	0.030663923149491113	0.04104200478866181	0.03592614854683384
372	372	0.015626706521791916	0.020724244971125697	0.041512672482282284	0.6845354801916914	0.060640640629034875	0.02986459847555494	0.03946358024353219	0.030663923149491113	0.04104200478866181	0.03592614854683384
373	373	0.015626706521791916	0.020724244971125697	0.041512672482282284	0.02781812387462781	0.38899931878756666	0.02986459847555494	0.367822258402064	0.030663923149491113	0.04104200478866181	0.03592614854683384
374	374	0.3439853846803237	0.020724244971125697	0.041512672482282284	0.3561768020331596	0.060640640629034875	0.02986459847555494	0.03946358024353219	0.030663923149491113	0.04104200478866181	0.03592614854683384
375	375	0.015626706521791916	0.020724244971125697	0.041512672482282284	0.02781812387462781	0.060640640629034875	0.02986459847555494	0.367822258402064	0.030663923149491113	0.3694006829471936	0.03592614854683384
376	376	0.015626706521791916	0.020724244971125697	0.041512672482282284	0.02781812387462781	0.060640640629034875	0.02986459847555494	0.03946358024353219	0.030663923149491113	0.04104200478866181	0.6926435048638974
377	377	0.015626706521791916	0.020724244971125697	0.041512672482282284	0.02781812387462781	0.060640640629034875	0.02986459847555494	0.03946358024353219	0.3590226013080229	0.3694006829471936	0.03592614854683384
378	378	0.015626706521791916	0.3490829231296575	0.041512672482282284	0.02781812387462781	0.060640640629034875	0.02986459847555494	0.367822258402064	0.030663923149491113	0.04104200478866181	0.03592614854683384
379	379	0.015626706521791916	0.020724244971125697	0.041512672482282284	0.02781812387462781	0.060640640629034875	0.35822327663408676	0.03946358024353219	0.030663923149491113	0.04104200478866181	0.3642848267053656
380	380	0.6723440628388555	0.020724244971125697	0.041512672482282284	0.02781812387462781	0.060640640629034875	0.02986459847555494	0.03946358024353219	0.030663923149491113	0.04104200478866181	0.03592614854683384
381	381	0.015626706521791916	0.3490829231296575	0.3698713506408141	0.02781812387462781	0.060640640629034875	0.02986459847555494	0.03946358024353219	0.030663923149491113	0.04104200478866181	0.03592614854683384
382	382	0.015626706521791916	0.020724244971125697	0.041512672482282284	0.02781812387462781	0.38899931878756666	0.02986459847555494	0.367822258402064	0.030663923149491113	0.04104200478866181	0.03592614854683384
383	383	0.015626706521791916	0.3490829231296575	0.041512672482282284	0.02781812387462781	0.060640640629034875	0.02986459847555494	0.03946358024353219	0.030663923149491113	0.3694006829471936	0.03592614854683384
384	384	0.015626706521791916	0.3490829231296575	0.041512672482282284	0.02781812387462781	0.060640640629034875	0.02986459847555494	0.03946358024353219	0.3590226013080229	0.04104200478866181	0.03592614854683384
385	385	0.015626706521791916	0.020724244971125697	0.041512672482282284	0.02781812387462781	0.060640640629034875	0.35822327663408676	0.03946358024353219	0.3590226013080229	0.04104200478866181	0.03592614854683384
386	386	0.015626706521791916	0.3490829231296575	0.041512672482282284	0.02781812387462781	0.060640640629034875	0.02986459847555494	0.367822258402064	0.030663923149491113	0.04104200478866181	0.03592614854683384
387	387	0.015626706521791916	0.3490829231296575	0.3698713506408141	0.02781812387462781	0.060640640629034875	0.02986459847555494	0.03946358024353219	0.030663923149491113	0.04104200478866181	0.03592614854683384
388	388	0.015626706521791916	0.020724244971125697	0.041512672482282284	0.02781812387462781	0.060640640629034875	0.02986459847555494	0.03946358024353219	0.3590226013080229	0.3694006829471936	0.03592614854683384
389	389	0.3439853846803237	0.020724244971125697	0.041512672482282284	0.02781812387462781	0.060640640629034875	0.02986459847555494	0.03946358024353219	0.3590226013080229	0.04104200478866181	0.03592614854683384
390	390	1.3726487606610114E-5	1.8204161661051564E-5	3.6464701218435045E-5	0.01790709686464414	0.055720261192410026	2.6233041510021573E-5	3.4664780091050945E-5	0.5073753461617927	0.012150112245883568	0.40671789036318245
391	391	2.3316656862845165E-5	3.0922709661144356E-5	0.02847875081416526	4.1507508191075926E-5	0.009889381958071567	0.0794156500198609	0.8016088932330377	4.575373404167265E-5	0.0010411288887426202	0.07942469447736523
392	392	0.10258098440507109	6.163267055148899E-5	1.2345621615538128E-4	0.0010592486012579812	0.1505642918696487	8.881553762565849E-5	0.009882553910260938	0.07528316778919628	0.33018553162604003	0.33017031737419245
393	393	2.7100868259638955E-5	3.5941356674212294E-5	0.03423967458804664	4.824403077547247E-5	0.04452315174537516	5.179316241617237E-5	0.826926310026841	5.317940414630369E-5	0.009752020586679238	0.0843425842307862
394	394	0.07910525110010853	1.3206540201240665E-5	2.6453980772859925E-5	0.9204944302282048	3.864329240520633E-5	1.9031237128823787E-5	2.3439500205030305E-4	1.9540607359434812E-5	2.615404744231474E-5	2.2893964326350725E-5
395	395	0.4467954583629565	2.254058263846157E-5	4.515097297556444E-5	0.012530053291926115	0.14899210940375637	0.264313906438917	4.000593519005747E-4	0.12681700771183232	4.463905449273972E-5	3.907482860436232E-5
396	396	2.2802740783254596E-5	3.0241150644650187E-5	6.0575957481095774E-5	4.0592652514783736E-5	0.8558436894055064	4.3578901074541325E-5	5.7585889222244305E-5	4.474528845860132E-5	0.14380376400215863	5.242401215583919E-5
397	397	1.931391176242172E-5	2.5614241757017087E-5	0.1636034857817913	3.438195944624862E-5	0.48545560633092966	3.691131070853952E-5	0.14817915973887366	0.10312041339607637	0.09907487354271118	4.50239785943694E-4
398	398	0.9998825224278415	7.4304589293315006E-6	1.4883929829827414E-5	9.973894210836983E-6	2.174206058026151E-5	1.0707636042845597E-5	1.4149249471452095E-5	1.099422545390299E-5	1.4715176904368233E-5	1.2880940735753687E-5
399	399	1.4239889047852278E-5	0.006302462060963525	3.782856287747987E-5	2.5349359248649066E-5	0.5449311522514447	0.09996601067404663	0.12929811721831969	0.12689635487336526	0.014399861431760043	0.07812862367892616
